36 36 36 36 36 36 36 36 36 36 36 36 36 36 36 36 36 36 36 36
36 36 36 36 36 36 36 36 36 36 36 36 36 36 36 36 36 36 36 36
36 36 36 36 36 36 36 36 36 36 36 36 36 36 36 36 36 36 36 36
36 36 36 36 36 36 36 36 36 36 36 36 36 36 36 36 36 36 36 36
36 36 36 36 36 36 36 36 36 36 36 36 36 36 36 36 36 36 36 36
36 36 36 36 36 36 36 36 36 36 36 36 36 36 36 36 36 36 36 36
36 36 36 36 36 36 36 36 36 36 36 36 36 36 36 36 36 36 36 36
36 36 36 36 36 36 36 36 36 36 36 36 36 36 36 36 36 36 36 36
36 36 36 36 36 36 28 29 36 36 36 36 36 28 29 36 36 36 36 36
36 36 36 36 36 36 30 31 36 36 36 36 36 30 31 36 36 36 36 36
36 36 36 36 36 36 36 36 36 36 36 36 36 36 36 36 36 36 36 36
36 36 36 36 36 36 36 36 36 36 36 36 36 36 36 36 36 36 36 36
36 36 36 36 36 36 36 36 36 36 36 36 36 36 36 36 36 36 36 36
36 36 36 36 36 36 36 36 36 36 36 36 36 36 36 36 36 36 36 36
36 36 36 36 36 36 36 36 36 36 36 36 36 36 36 36 36 36 36 36